"","Protein","Type","Average_Hydrophobic","Percentage_Hydrophobic","Ala","Cys","Ile","Leu","Met","Phe","Val"
"1","TMEM98","Transmembrane",-0.0716753022452505,38.2758620689655,9.31034482758621,6.03448275862069,2.58620689655172,10,0.689655172413793,4.6551724137931,5
"2","TMEM230","Transmembrane",0.0469061876247505,40.0398406374502,6.17529880478088,3.78486055776892,4.9800796812749,11.7529880478088,1.99203187250996,7.76892430278884,3.58565737051793
"3","SCAMP3","Transmembrane",-0.410788381742739,30.8488612836439,6.83229813664596,5.59006211180124,1.0351966873706,10.1449275362319,1.65631469979296,2.48447204968944,3.1055900621118
"4","AQP5","Transmembrane",-0.0825448613376835,37.9478827361564,13.0293159609121,1.95439739413681,3.58306188925081,8.63192182410423,1.46579804560261,3.42019543973941,5.86319218241042
"5","TMED3","Transmembrane",-0.479789473684211,31.5789473684211,8.63157894736842,2.52631578947368,1.05263157894737,11.7894736842105,0.631578947368421,1.89473684210526,5.05263157894737
"6","BMP4","Non-membrane",-0.543327556325823,33.2179930795848,5.19031141868512,2.24913494809689,5.5363321799308,9.16955017301038,1.3840830449827,3.80622837370242,5.88235294117647
"7","KRT15","Non-membrane",-0.824120603015075,25.963149078727,6.53266331658291,3.68509212730318,1.17252931323283,7.87269681742044,0.670016750418761,2.84757118927973,3.18257956448911
"8","GTF2E2","Non-membrane",-0.270640569395018,36.9449378330373,5.86145648312611,4.4404973357016,5.15097690941385,10.4795737122558,2.30905861456483,4.4404973357016,4.26287744227353
"9","RPA4","Non-membrane",-0.416795366795367,31.7919075144509,5.00963391136801,4.81695568400771,2.89017341040462,8.09248554913295,1.54142581888247,5.00963391136801,4.43159922928709
"10","UBE2E3","Non-membrane",-0.231692913385827,34.9705304518664,6.09037328094303,3.92927308447937,5.30451866404715,9.62671905697446,0.982318271119843,5.10805500982318,3.92927308447937
"11","ABCA1","Transmembrane",-0.313329503016375,33.7162550258472,5.28431935669156,5.02584721424469,3.61860999425617,9.79322228604251,0.976450315910396,3.87708213670304,5.14072372199885
"12","ACKR3","Transmembrane",0.355212922173275,44.574780058651,5.86510263929619,4.83870967741935,5.86510263929619,11.1436950146628,1.90615835777126,7.03812316715543,7.91788856304985
"13","ANO6","Transmembrane",-0.300511508951407,32.6235093696763,4.08858603066439,3.57751277683135,4.00340715502555,10.1362862010221,1.27768313458262,4.77001703577513,4.77001703577513
"14","DRD1","Transmembrane",0.084297520661157,40.6906906906907,6.00600600600601,3.97897897897898,6.30630630630631,10.8858858858859,2.02702702702703,5.70570570570571,5.78078078078078
"15","FFAR4","Transmembrane",-0.340712468193384,33.9830508474576,6.86440677966102,2.6271186440678,3.47457627118644,10.6779661016949,1.69491525423729,3.30508474576271,5.33898305084746
"16","GYPA","Transmembrane",-0.124487471526196,37.2013651877133,3.7542662116041,1.93401592718999,7.28100113765643,11.6040955631399,1.82025028441411,5.68828213879408,5.11945392491468
"17","KCNJ8","Transmembrane",-0.0452442159383034,39.9229781771502,6.41848523748395,2.05391527599487,6.67522464698331,9.88446726572529,2.69576379974326,4.8780487804878,7.31707317073171
"18","KLRC1","Transmembrane",-0.346612466124661,33.2432432432432,5.13513513513514,3.24324324324324,5.67567567567568,9.18918918918919,2.16216216216216,2.43243243243243,5.40540540540541
"19","MAOB","Transmembrane",-0.301889020070838,32.8217237308146,4.84061393152302,5.66706021251476,2.95159386068477,11.6883116883117,0.944510035419126,2.83353010625738,3.8961038961039
"20","MUC4","Transmembrane",-0.347530864197531,29.8611111111111,11.1882716049383,3.47222222222222,1.92901234567901,5.78703703703704,2.16049382716049,1.85185185185185,3.47222222222222
"21","OPN4","Transmembrane",-0.390284974093264,32.7720207253886,7.90155440414508,3.75647668393782,1.6839378238342,13.4715025906736,0.77720207253886,0.906735751295337,4.27461139896373
"22","OXTR","Transmembrane",-0.589381153305204,30.2881236823612,6.95713281799016,3.09205903021785,3.72452565003514,8.85453267744202,1.40548137737175,2.38931834153197,3.86507378777231
"23","SCN1B","Transmembrane",-0.163146551724138,36.5591397849462,8.17204301075269,3.44086021505376,3.87096774193548,8.81720430107527,2.58064516129032,3.2258064516129,6.45161290322581
"24","SLC2A1","Transmembrane",0.0268915223336372,39.7085610200364,6.73952641165756,2.55009107468124,4.91803278688525,10.7468123861566,2.73224043715847,6.28415300546448,5.73770491803279
"25","VEZT","Transmembrane",-0.0783380681818182,38.9638041163946,3.97444996451384,2.76792051100071,6.31653655074521,12.4201561391057,1.20652945351313,6.52945351312988,5.74875798438609
"26","AATF","Nonmembrane",-0.884285714285714,22.1112696148359,5.42082738944365,3.42368045649073,1.99714693295292,5.42082738944365,0.570613409415121,2.1398002853067,3.13837375178317
"27","CALB2","Nonmembrane",-0.584501061571125,31.7796610169492,9.11016949152542,3.17796610169492,2.11864406779661,9.32203389830508,1.27118644067797,1.48305084745763,5.29661016949153
"28","FASN","Nonmembrane",-0.538458794149126,27.1754636233952,10.8773181169757,6.84736091298145,0.641940085592011,4.81455064194009,1.21255349500713,0.463623395149786,2.31811697574893
"29","PLK1","Nonmembrane",-0.621727395411606,29.5546558704453,9.04183535762483,2.96896086369771,1.61943319838057,9.17678812415655,0.134952766531714,2.42914979757085,4.18353576248313
"30","SKA1","Nonmembrane",-0.139744952178533,36.769394261424,4.46333687566419,3.40063761955367,5.3134962805526,11.4771519659936,1.06269925611052,5.63230605738576,5.41976620616366
"31","ANXA8","Non-membrane",-0.553305203938115,30.4775280898876,7.58426966292135,4.35393258426966,1.96629213483146,8.28651685393258,2.52808988764045,1.82584269662921,3.93258426966292
"32","BICD1","Non-membrane",-0.770549242424242,25.8278145695364,3.78429517502365,2.64900662251656,2.93282876064333,8.23084200567644,3.40586565752129,2.08136234626301,2.74361400189215
"33","DUXA","Non-membrane",-0.336263736263736,33.5164835164835,5.03663003663004,2.1978021978022,4.94505494505495,10.4395604395604,1.73992673992674,3.57142857142857,5.58608058608059
"34","GCK","Non-membrane",-0.0530214424951267,38.715953307393,10.8949416342412,6.80933852140078,3.11284046692607,7.78210116731517,1.55642023346304,3.11284046692607,5.44747081712062
"35","KYNU","Non-membrane",-0.145070422535211,36.443661971831,2.2887323943662,2.2887323943662,6.69014084507042,13.3802816901408,4.57746478873239,4.40140845070423,2.8169014084507
"36","MYC","Non-membrane",-0.289406207827261,35.6709372892785,7.21510451786918,2.69723533378287,3.84356035064059,11.7329737019555,1.07889413351315,4.92245448415374,4.18071476736345
"37","PAX3","Non-membrane",-0.436085626911315,31.3455657492355,8.86850152905199,2.90519877675841,2.14067278287462,9.63302752293578,0.917431192660551,3.36391437308868,3.51681957186544
"38","TP53","Non-membrane",-0.119521912350598,36.737400530504,6.23342175066313,4.50928381962865,1.9893899204244,12.7320954907162,0.928381962864721,5.43766578249337,4.90716180371353
"39","SFRP1","Non-membrane",-0.324557823129252,32.6308633582597,7.0700203942896,4.14683888511217,3.26308633582597,7.13800135961931,1.01971447994562,5.43847722637661,4.55472467709041
"40","VEGFA","Non-membrane",-0.348961156278229,32.3104693140794,6.94945848375451,3.70036101083032,5.41516245487365,7.49097472924188,0.541516245487365,4.42238267148014,3.79061371841155
